287
8 25 8 43
41 58 8 43
74 91 8 43
107 124 8 43
140 157 8 43
173 190 8 43
206 223 8 43
239 256 8 43
272 289 8 43
305 322 8 43
338 355 8 43
371 388 8 43
404 421 8 43
437 454 8 43
470 486 8 43
503 520 8 43
536 553 8 43
569 586 8 43
602 619 8 43
635 652 8 43
668 685 8 43
701 718 8 43
734 751 8 43
767 784 8 43
8 25 59 94
41 58 59 94
74 90 59 94
107 124 59 94
140 157 59 94
173 190 59 94
206 223 59 94
239 256 59 94
272 289 59 94
305 322 59 94
338 355 59 94
371 388 59 94
404 421 59 94
437 454 59 94
470 487 59 94
503 520 59 94
536 553 59 94
569 586 59 94
602 619 59 94
635 652 59 94
668 685 59 94
701 718 59 94
734 751 59 94
767 784 59 94
8 25 110 145
41 58 110 145
74 91 110 145
107 124 110 145
140 157 110 145
173 190 110 145
206 223 110 145
239 256 110 145
272 289 110 145
305 322 110 145
338 355 110 145
371 388 110 145
404 421 110 145
437 454 110 145
470 487 110 145
503 520 110 145
536 553 110 145
569 586 110 145
602 619 110 145
635 652 110 145
668 685 110 145
701 718 110 145
734 751 110 145
767 784 110 145
8 25 161 196
41 58 161 196
74 91 161 196
107 124 161 196
140 157 161 196
173 190 161 196
206 223 161 196
239 256 161 196
272 289 161 196
305 322 161 196
338 355 161 196
371 388 161 196
404 421 161 196
437 454 161 196
470 487 161 196
503 520 161 196
536 553 161 196
569 586 161 196
602 619 161 196
635 652 161 196
668 685 161 196
701 718 161 196
734 751 161 196
767 784 161 196
8 25 212 247
41 58 212 247
74 91 212 247
107 124 212 247
140 157 212 247
173 190 212 247
206 223 212 247
239 256 212 247
272 289 212 247
305 322 212 247
338 355 212 247
371 388 212 247
404 421 212 247
437 454 212 247
470 487 212 247
503 520 212 247
536 553 212 247
569 586 212 247
602 619 212 247
635 652 212 247
668 685 212 247
701 718 212 247
734 751 212 247
767 784 212 247
8 25 263 298
41 58 263 298
74 91 263 298
107 124 263 298
140 157 263 298
173 190 263 298
206 223 263 298
239 256 263 298
272 289 263 298
305 322 263 298
338 355 263 298
371 388 263 298
404 421 263 298
437 454 263 298
470 487 263 298
503 520 263 298
536 553 263 298
569 586 263 298
602 619 263 298
635 652 263 298
668 685 263 298
701 718 263 298
734 751 263 298
767 784 263 298
8 25 314 349
41 58 314 349
74 91 314 349
107 124 314 349
140 157 314 349
173 190 314 349
206 223 314 349
239 256 314 349
272 289 314 349
305 322 314 349
338 355 314 349
371 388 314 349
404 421 314 349
437 454 314 349
470 487 314 349
503 520 314 349
536 553 314 349
569 586 314 349
602 619 314 349
635 652 314 349
668 685 314 349
701 718 314 349
734 751 314 349
767 784 314 349
8 25 365 400
41 58 365 400
74 91 365 400
107 124 365 400
140 157 365 400
173 190 365 400
206 223 365 400
239 256 365 400
272 289 365 400
305 322 365 400
338 355 365 400
371 388 365 400
404 421 365 400
437 454 365 400
470 487 365 400
503 520 365 400
536 553 365 400
569 586 365 400
602 619 365 400
635 652 365 400
668 685 365 400
701 718 365 400
734 751 365 400
767 784 365 400
8 25 416 451
41 58 416 451
74 91 416 451
107 124 416 451
140 157 416 451
173 190 416 451
206 223 416 451
239 256 416 451
272 289 416 451
305 322 416 451
338 355 416 451
371 388 416 451
404 421 416 451
437 454 416 451
470 487 416 451
503 520 416 451
536 553 416 451
569 586 416 451
602 619 416 451
635 652 416 451
668 685 416 451
701 718 416 451
734 751 416 451
767 784 416 451
8 25 467 502
41 58 467 502
74 91 467 502
107 124 467 502
140 157 467 502
173 190 467 502
206 223 467 502
239 256 467 502
272 289 467 502
305 322 467 502
338 355 467 502
371 388 467 502
404 421 467 502
437 454 467 502
470 487 467 502
503 520 467 502
536 553 467 502
569 586 467 502
602 619 467 502
635 652 467 502
668 685 467 502
701 718 467 502
734 751 467 502
767 784 467 502
8 25 518 553
41 58 518 553
74 91 518 553
107 124 518 553
140 157 518 553
173 190 518 553
206 223 518 553
239 256 518 553
272 289 518 553
305 322 518 553
338 355 518 553
371 388 518 553
404 421 518 553
437 454 518 553
470 487 518 553
503 520 518 553
536 553 518 553
569 586 518 553
602 619 518 553
635 652 518 553
668 685 518 553
701 718 518 553
734 751 518 553
767 784 518 553
8 25 569 604
41 58 569 604
74 91 569 604
107 124 569 604
140 157 569 604
173 190 569 604
206 223 569 604
239 256 569 604
272 289 569 604
305 322 569 604
338 355 569 604
371 388 569 604
404 421 569 604
437 454 569 604
470 487 569 604
503 520 569 604
536 553 569 604
569 586 569 604
602 619 569 604
635 652 569 604
668 685 569 604
701 718 569 604
734 751 569 604
